甘草 0.064545 0.090419 -0.096354 0.664128 -0.368298 0.204655 -0.523821 -0.437595 -0.218074 -0.279047
人参 0.000546 0.108074 -0.145799 0.568673 -0.335605 0.162872 -0.416571 -0.399486 -0.096555 -0.327550
当归 -0.060481 0.084594 -0.051921 0.273772 0.008020 0.375380 -0.235666 0.004998 -0.007686 -0.204605
茯苓 0.001204 0.125245 -0.226427 0.222194 -0.130844 0.097890 0.159930 -0.267686 0.082736 -0.158218
炙甘草 0.030216 0.068613 -0.142628 0.227565 -0.061946 0.147626 0.037960 -0.152911 0.075491 -0.108648
白术 -0.025653 0.086168 -0.142129 0.338553 -0.068423 0.144044 -0.055756 -0.291503 -0.011033 -0.200001
半夏 0.007678 0.156944 -0.212740 0.186043 -0.206680 0.014018 -0.064201 -0.311530 0.019159 -0.069261
黄芩 0.074849 0.165136 0.096146 0.104962 -0.074722 0.140623 -0.240539 -0.091183 -0.062995 -0.139390
大黄 0.044685 -0.065110 0.017545 -0.010703 0.073131 -0.030882 0.064358 0.052601 -0.007416 -0.015499
芍药 -0.062489 0.102488 -0.035006 0.244125 -0.051994 0.111926 -0.089839 -0.025407 -0.090540 -0.058158
黄连 0.086331 0.167202 0.019006 0.000525 -0.035327 0.169330 -0.174683 -0.074365 0.009393 -0.040207
生姜 -0.055240 0.144034 -0.137804 0.205188 -0.239223 -0.003086 -0.196223 -0.227226 -0.102565 0.063036
陈皮 0.057843 -0.031301 -0.146612 0.219723 -0.010583 0.128378 0.011658 -0.151919 0.055267 -0.090750
桂枝 -0.011893 0.036185 -0.120935 0.151499 -0.104285 0.019643 -0.006618 -0.092618 -0.027798 -0.056010
厚朴 0.041324 -0.040706 -0.157231 -0.057396 0.017181 0.046161 0.034756 0.010521 0.052187 0.059196
大枣 -0.063726 0.070563 -0.082439 0.108533 -0.199965 -0.020570 -0.196383 -0.181670 -0.062206 0.106109
川芎 0.032501 -0.056551 -0.018249 0.119190 0.108101 0.178179 -0.151078 0.064470 0.025766 -0.062824
柴胡 -0.044116 0.111115 0.060395 0.129946 -0.009196 0.052059 -0.040124 0.030081 -0.084685 -0.087605
生地黄 -0.026882 0.107922 -0.000998 -0.001482 0.031214 0.200498 -0.056723 0.157141 0.056719 -0.117912
桔梗 0.042490 0.027539 -0.021298 0.064152 -0.105250 -0.037703 -0.098421 -0.083938 -0.098885 -0.051957
干姜 0.130455 -0.023588 0.027431 0.144969 -0.064361 -0.001792 -0.038827 -0.095901 0.025944 -0.056968
防风 0.128217 -0.120690 0.043331 0.008592 -0.001766 -0.004040 -0.015956 0.019394 0.016621 0.019834
木香 0.059542 -0.015302 -0.029173 0.115964 0.000150 0.013280 -0.087088 0.026711 0.016599 -0.076150
麦冬 0.130598 -0.042805 0.109307 -0.135852 -0.023151 0.056323 0.081506 0.012834 -0.008780 0.091183
杏仁 -0.025329 -0.070724 -0.009494 -0.038449 -0.007577 -0.100836 -0.054471 0.080021 -0.029406 0.009768
枳实 0.036815 -0.009204 -0.097938 -0.054879 0.038938 -0.010018 0.109012 0.088996 0.011949 0.062979
泽泻 0.011284 0.014715 -0.006602 0.019421 -0.058450 -0.002525 0.083350 0.038570 0.016868 -0.061743
白茯苓 -0.056976 0.010618 -0.011338 0.130483 -0.076485 -0.007302 0.028830 -0.130520 -0.021709 -0.110621
知母 0.032718 -0.042513 0.046122 0.092697 -0.058079 -0.037263 -0.046058 -0.033151 -0.077742 -0.041095
石膏 0.010418 -0.038752 0.065471 -0.023549 -0.045786 0.026486 -0.058322 0.016954 -0.107298 0.043480
细辛 0.107931 -0.107316 0.047104 0.079863 0.023775 -0.015135 -0.083893 -0.006796 0.029211 0.053787
五味子 0.062577 -0.038199 -0.022179 -0.151869 0.065786 -0.087942 -0.052884 0.034922 0.041525 -0.001149
桃仁 -0.037325 -0.023216 0.122068 -0.073386 0.147813 0.063097 -0.000778 0.041097 0.008831 0.079303
熟地黄 -0.107725 0.029486 -0.056224 -0.023231 0.020887 0.040698 0.078875 -0.007100 0.087232 0.096482
黄柏 0.010412 0.125591 0.021351 0.000060 -0.033436 0.024106 -0.071193 -0.051109 -0.023789 0.015566
黄芪 -0.051458 0.060010 -0.038632 -0.041326 0.080467 0.031039 0.055413 0.042176 -0.053476 -0.058048
升麻 -0.021550 -0.030544 0.046258 -0.005253 0.019654 -0.105033 0.086131 -0.019576 -0.005031 0.068416
枳壳 -0.012809 0.076077 0.019267 0.014497 -0.109218 -0.019447 0.130742 -0.017247 -0.012430 -0.060018
滑石 -0.028394 -0.043697 0.022306 -0.099934 0.001821 -0.003938 -0.014024 -0.020364 0.023657 -0.036670
玄参 0.001476 -0.028828 -0.003515 -0.024512 0.004081 -0.095603 0.015238 -0.064413 -0.118916 0.019076
羌活 0.121641 -0.106482 -0.021398 -0.113717 -0.036608 -0.059993 -0.003534 0.017441 -0.027746 0.096075
苍术 0.084473 -0.017753 0.024843 -0.027507 0.111511 0.002164 -0.024147 -0.054205 -0.015124 -0.015078
连翘 -0.091916 -0.056656 -0.006673 -0.029205 -0.010781 -0.029997 -0.010219 0.016051 -0.017176 -0.045175
阿胶 0.093143 -0.023994 0.086287 -0.073234 -0.018167 -0.040714 -0.056308 0.143702 0.029840 -0.015108
麦门冬 0.040460 -0.073549 -0.021348 -0.003824 0.044240 -0.097750 -0.115463 -0.010390 0.006472 -0.077077
山药 -0.068096 -0.016082 0.054620 0.066897 0.010782 -0.025520 -0.038271 -0.039033 -0.015567 0.064167
木通 -0.055475 0.009253 -0.008246 -0.048107 -0.067826 0.010823 -0.024772 -0.058313 -0.012941 -0.013974
牡丹皮 -0.020311 0.020979 -0.070729 0.001658 0.030078 -0.053744 0.082154 0.018127 0.040593 -0.059487
犀角 0.030094 0.051524 0.031771 -0.080673 -0.015491 -0.022130 -0.045228 0.068223 0.038127 -0.077036
肉桂 0.032316 0.030522 0.065606 0.022418 0.108722 0.087005 0.000709 0.000126 -0.040512 0.091155
芒硝 0.000334 -0.011897 0.013653 0.016668 -0.041476 -0.053650 0.119327 0.016614 -0.015102 0.042893
薄荷 -0.012236 0.011143 0.066783 0.053771 0.056865 -0.061066 -0.004115 -0.077495 -0.021404 0.051714
附子 0.057898 -0.043781 -0.044555 -0.003538 0.007422 -0.010654 -0.018678 0.103983 0.088320 0.064053
麻黄 0.061388 -0.009347 0.002122 -0.020309 -0.002730 -0.010988 0.069070 -0.047259 0.010426 -0.018174
山茱萸 0.039948 -0.057902 0.057261 0.028849 -0.032959 -0.049477 -0.001151 0.045615 0.038019 0.048966
栀子 0.077869 0.022275 0.039173 -0.079749 0.011600 -0.034611 -0.046535 -0.045722 0.078455 -0.070772
猪苓 -0.020225 -0.006164 -0.028781 -0.019188 -0.059743 -0.016132 0.027280 0.049467 -0.000832 -0.067843
白芍药 0.007911 -0.045432 -0.096790 0.000589 0.080178 0.091696 0.023132 -0.034276 0.003569 0.061618
白芷 0.095286 -0.131773 0.010773 -0.069056 -0.071123 -0.104973 0.053220 0.001185 -0.092036 -0.030901
神曲 -0.017647 0.036831 0.012903 -0.047969 0.008800 0.044025 0.080266 -0.064588 0.024309 -0.062557
贝母 0.046259 0.005523 0.059005 -0.065628 0.070724 -0.139035 0.004227 0.015619 -0.018854 0.076022
远志 0.094120 -0.103949 0.081419 0.012621 -0.039363 -0.083293 0.058098 0.022684 -0.000025 -0.105366
前胡 -0.096385 0.016805 0.016506 -0.072519 -0.093693 -0.006589 0.129879 -0.044992 0.005319 -0.017479
吴茱萸 -0.069483 0.007178 -0.002271 -0.074621 0.064562 -0.010662 0.033787 0.011082 0.004192 0.021313
干地黄 0.059165 -0.058547 -0.001327 0.011215 -0.008873 -0.028499 -0.018841 0.010112 0.003837 0.032707
朱砂 -0.049393 0.091878 0.017969 -0.026395 0.002193 -0.069583 -0.071964 0.035161 -0.040487 -0.060584
桑白皮 0.030617 0.002989 -0.024781 -0.087836 0.034771 -0.016809 -0.004289 -0.013358 0.029902 0.033893
橘皮 0.018115 0.008944 0.007638 0.014933 0.037073 0.009336 -0.063185 -0.063016 0.020429 -0.006110
沉香 0.031076 0.020588 -0.008547 0.068785 0.016456 -0.042173 -0.098183 -0.008877 -0.080823 -0.011165
炮附子 0.007432 -0.002047 0.088254 -0.018232 -0.032705 0.026747 0.047922 0.084220 -0.065414 -0.000706
牛膝 0.055156 0.003845 0.001170 -0.059747 0.083329 0.030669 -0.012589 -0.031380 0.073525 0.020482
白芍 0.011112 0.079071 -0.016967 0.016862 -0.094280 0.067923 0.022967 -0.002682 0.025574 0.048571
石菖蒲 -0.020837 0.050242 -0.052322 -0.000940 -0.005438 0.004019 0.038497 0.123852 -0.004924 -0.019983
竹叶 -0.007556 0.060454 0.045891 0.026802 -0.040627 0.098667 0.026841 0.043870 0.024993 0.052105
粳米 0.003342 -0.047313 0.042228 0.053271 0.058038 -0.067799 -0.074888 -0.006404 -0.009110 -0.069122
车前子 0.048320 -0.019903 -0.009584 0.019656 -0.072972 -0.073605 -0.011739 0.048485 0.053951 0.092244
鳖甲 -0.054291 -0.036319 -0.053574 -0.053677 0.045743 -0.043056 0.020520 0.064740 -0.122676 -0.071643
丹参 0.119684 -0.028055 0.053055 -0.040161 -0.030075 0.045645 0.053266 -0.055135 -0.005149 0.015970
丹皮 0.084582 -0.040156 0.047099 -0.069256 0.029021 -0.045153 -0.039810 -0.039310 0.058871 0.068382
乌药 0.010552 0.018647 0.064509 -0.033510 0.028953 -0.009697 -0.018044 0.057838 0.000077 -0.028020
乳香 0.039175 -0.024486 -0.003801 0.024446 0.037444 -0.016413 0.004715 0.027456 0.023660 0.078832
冰片 0.064471 -0.041977 -0.049334 0.010790 0.073794 0.034180 -0.032035 0.032406 -0.008515 -0.043968
天麻 -0.045803 -0.077742 0.047586 0.003736 0.030263 -0.052323 0.102517 0.013950 0.096793 -0.010782
官桂 -0.023213 0.043598 0.079970 -0.079043 0.037811 0.004957 -0.001693 0.110834 -0.037285 0.041051
山栀 -0.077765 -0.048649 0.058549 0.045024 -0.007857 -0.074750 0.012506 0.063960 -0.034448 0.037295
川楝子 -0.103000 -0.003761 0.012242 -0.047087 -0.012414 -0.005673 0.016853 -0.028143 -0.006966 -0.051021
杜仲 0.032383 0.028133 -0.060733 0.001739 0.031100 -0.086140 0.048478 0.030023 -0.090983 0.079830
枸杞子 0.056553 -0.015859 -0.029502 0.102352 0.016406 0.018061 -0.035344 -0.016791 0.009865 -0.024002
桑叶 0.023952 0.040426 -0.047433 -0.010501 0.027687 -0.003869 -0.074140 0.086516 0.044920 0.045524
槟榔 -0.011135 -0.022672 -0.062398 0.011561 0.016076 0.070099 0.062119 0.066772 0.049048 0.010528
橘红 -0.003500 -0.008277 -0.018479 -0.001017 0.075825 0.058579 -0.028896 0.043439 0.056048 0.036115
熟地 -0.014769 -0.021225 0.024881 -0.023955 -0.015454 0.058237 -0.016879 0.039150 0.006829 0.079306
牛蒡子 0.048063 -0.024407 0.016481 0.001150 0.066533 -0.046900 -0.029186 -0.060747 0.036762 0.072272
独活 0.038580 -0.064363 -0.013094 -0.086198 -0.009548 0.014130 0.035431 -0.058957 0.033132 0.133545
生地 0.008977 0.005374 0.001353 -0.019472 -0.025338 0.064453 -0.025777 0.064588 0.026598 0.010453
生甘草 -0.068308 0.043083 0.043776 0.006648 -0.009277 -0.012083 0.043887 -0.063612 0.019316 -0.022772
生白芍 0.018295 0.056700 -0.020908 0.058827 0.056615 -0.019557 -0.010128 0.076540 0.028220 -0.075244
秦艽 0.017152 -0.024141 -0.074630 0.023497 0.090456 -0.078069 -0.040023 0.003043 -0.031623 -0.013351
红花 -0.005047 -0.000183 0.038539 -0.007597 0.093985 0.081085 -0.076438 -0.043093 -0.070932 -0.017312
肉豆蔻 -0.046107 -0.086505 0.084288 0.032547 0.053700 0.004720 0.087005 0.049325 -0.001899 0.000274
苦桔梗 -0.087859 0.002858 0.029868 -0.036048 -0.023699 -0.003647 -0.024420 -0.018584 0.007648 0.073034
茵陈 0.033950 -0.028535 0.030678 -0.055041 0.007875 0.047709 0.003223 0.087557 0.061942 0.054493
荆芥 0.021895 0.011001 0.015051 -0.006497 -0.014561 -0.089519 0.035152 -0.046607 -0.034364 0.050728
葛根 0.060344 -0.068227 0.044943 -0.006738 -0.010098 -0.110277 0.080470 -0.072452 -0.032992 0.033224
酸枣仁 -0.090199 -0.017802 -0.025866 -0.044962 -0.005188 0.007421 0.043115 0.070078 0.022246 -0.052866
香附 0.021152 -0.042490 -0.065171 0.070697 0.083948 -0.039994 0.049002 0.065012 -0.045219 0.023586
鹿角胶 0.021983 0.066574 -0.030108 0.003226 0.080707 0.003924 -0.005729 -0.020394 -0.043198 0.011983
麝香 0.039497 -0.054396 -0.039414 0.026678 0.055298 0.098157 -0.036817 -0.014067 0.038652 -0.029514
龙骨 0.109853 0.001344 0.012512 0.052804 0.072757 -0.052231 0.037303 -0.015911 -0.054550 -0.004056
丁香 0.018407 0.011475 0.011888 0.071853 -0.018845 -0.013458 -0.060926 -0.009153 -0.025388 0.058404
乌梅 0.055914 -0.023503 0.112106 0.011389 0.055627 -0.084670 -0.010240 0.018294 0.072731 -0.022087
僵蚕 -0.041828 -0.080210 0.000245 0.030842 0.054298 -0.068154 0.000030 0.041059 0.037819 0.020857
全蝎 -0.067730 0.069664 0.010578 -0.052491 -0.002221 -0.003880 0.023366 -0.038901 -0.017535 -0.018644
制半夏 -0.033507 -0.000265 -0.011057 -0.093801 -0.006452 -0.029909 -0.011767 0.081409 0.001841 -0.011099
地骨皮 -0.008339 0.016778 -0.009372 0.035029 0.022958 -0.090405 0.008118 0.025710 -0.058710 -0.058096
地龙 0.076878 -0.018006 0.069261 0.075754 0.019784 -0.079121 0.065917 -0.007606 -0.002504 0.047077
大腹皮 0.068589 -0.067773 0.017544 0.031404 0.032919 -0.078635 -0.049571 0.047914 -0.083053 0.062845
安息香 0.028006 -0.000302 0.035929 0.037910 0.039615 -0.024029 -0.028547 0.068924 -0.055988 -0.057990
寒水石 -0.010770 -0.095584 0.090801 -0.124956 0.001654 -0.031763 0.017495 -0.044706 -0.035427 0.010086
小茴香 0.090488 0.041992 -0.062065 -0.086615 0.015020 -0.073369 -0.045780 0.078808 -0.025258 -0.019718
小蓟 -0.086454 0.109130 0.010025 -0.046041 -0.033582 0.055014 0.026163 0.025779 0.026384 0.022511
山栀子 0.081867 -0.056908 0.035917 0.035378 -0.026813 0.068181 0.023225 -0.046758 -0.054357 -0.006599
山楂 -0.034079 0.003687 0.035863 -0.021315 0.007543 0.061183 0.040253 -0.037328 -0.040200 -0.047247
川牛膝 0.082954 -0.082339 -0.013172 0.035567 0.029738 -0.093259 0.037715 0.036669 0.050179 0.011736
川贝母 -0.043414 0.057536 -0.062193 -0.048126 -0.028940 -0.019287 0.001162 -0.010535 -0.013967 -0.008918
干姜炮 0.091260 0.023137 0.051605 0.059586 -0.086754 -0.020658 0.045680 -0.055125 0.018925 -0.001533
干葛 -0.016209 0.040065 -0.005925 0.001637 0.062262 -0.088064 -0.024209 -0.025956 -0.003797 -0.030083
枸杞 0.018390 0.026994 -0.008242 0.024460 -0.064206 0.033611 0.017168 0.034544 0.026437 -0.000490
桑寄生 -0.020104 0.058636 -0.051246 -0.083831 -0.009533 -0.011480 0.002471 -0.012373 -0.034798 0.025472
款冬花 -0.032496 0.071312 -0.053462 -0.017615 -0.035337 -0.075934 0.100515 0.029361 -0.048719 0.046425
沙参 0.031579 -0.039614 -0.090244 -0.034161 -0.029044 0.027256 0.092214 -0.004536 -0.025471 -0.033466
没药 0.052689 0.019876 0.032993 -0.035787 0.097047 -0.086870 0.063316 0.065636 0.023077 -0.043624
淡竹茹 -0.053110 0.052308 -0.024445 -0.007250 0.057359 -0.097000 0.037162 -0.038370 -0.005920 0.062852
淡豆豉 -0.019244 0.024102 -0.002110 0.006095 0.048855 -0.033614 0.022500 -0.015658 0.024300 0.066016
牛黄 0.046974 -0.093675 -0.022831 -0.065090 0.076974 0.049662 0.066313 -0.004077 -0.030063 0.025200
牡丹 0.051987 -0.000726 0.004036 -0.032767 0.076476 0.033396 -0.028650 0.013261 0.046106 -0.048111
牡蛎 0.079072 -0.051719 -0.038201 0.030960 0.065292 0.013972 0.045028 0.003612 0.024088 -0.015361
玉竹 0.039821 0.044625 -0.014259 -0.052208 0.003072 -0.004442 0.041083 0.042952 0.061143 0.000938
琥珀 0.008592 0.067742 -0.006645 -0.096206 0.008962 0.092620 -0.021226 -0.054596 -0.020166 0.064950
瓜蒌仁 0.034900 0.039514 -0.045216 -0.038662 -0.015750 0.051872 0.014698 -0.015195 -0.032335 -0.040304
瓜蒌实 -0.043254 0.012466 0.027680 -0.035428 0.039372 -0.052966 -0.004890 -0.069798 -0.014869 0.000071
甘遂 -0.044790 -0.058139 0.024233 -0.077673 0.017480 -0.017332 0.015577 -0.050630 -0.017086 -0.043048
生牡蛎 0.050354 0.018277 -0.001340 -0.019328 -0.054238 -0.028583 -0.035588 -0.016566 0.017022 0.034008
生龟板 0.053911 -0.034229 -0.055593 0.077065 -0.029109 -0.037746 -0.025648 -0.008524 -0.014142 0.040866
白扁豆 0.004019 0.047534 -0.070171 -0.051835 -0.018440 -0.024350 0.071889 0.051489 -0.002896 0.007413
白果 0.002187 -0.020392 -0.008536 -0.036147 0.044570 -0.041898 0.106383 -0.030609 0.069112 0.029660
白芥子 -0.021001 0.008017 0.010669 -0.046997 -0.006870 0.068137 0.021019 -0.082101 -0.017741 0.029392
白蔻仁 0.022551 -0.094785 -0.021130 -0.092790 0.081702 -0.008725 -0.003892 -0.024182 -0.065895 -0.013004
白附子 0.021909 0.065426 0.091375 -0.010702 0.042225 -0.042470 0.047333 0.061754 -0.008413 0.035748
瞿麦 -0.011726 -0.017289 0.071854 -0.040321 -0.087695 -0.046444 -0.037815 0.057490 0.057285 0.006763
石斛 0.012815 -0.005698 0.035415 -0.048705 -0.005397 0.021156 0.014489 0.096293 -0.044231 0.068319
穿山甲 -0.040320 0.012837 0.064133 0.032226 -0.054821 0.017236 -0.026680 -0.025787 -0.024906 -0.028131
竹茹 -0.035904 0.057040 -0.082577 -0.094237 -0.040729 0.049060 -0.016949 -0.080416 0.026802 -0.010718
紫苏叶 -0.053676 0.036611 -0.003580 -0.066846 -0.006117 -0.051301 -0.003617 0.004973 -0.014451 -0.051744
紫苏子 -0.041746 -0.041788 0.004609 -0.006180 0.046674 -0.090154 -0.005194 -0.063242 0.002276 -0.046831
红枣 0.001389 -0.011397 -0.068380 -0.028056 -0.037709 -0.047695 -0.018184 -0.074925 -0.055627 -0.070177
细生地 0.051833 -0.021928 0.046917 -0.001304 -0.028457 0.035961 -0.003240 -0.069434 0.063600 0.062539
缩砂仁 -0.039611 -0.057372 -0.085250 -0.103520 -0.036175 -0.031764 -0.001042 0.049586 -0.009827 -0.000733
罂粟壳 0.033023 0.042921 -0.034675 -0.057981 0.042583 -0.048124 0.034792 0.061739 -0.048291 -0.024667
肉苁蓉 0.094030 -0.028284 0.007032 0.002593 0.065506 0.030466 -0.016255 0.030730 -0.010424 0.053250
胆南星 0.037960 -0.012968 0.030256 -0.004697 0.070679 0.011997 -0.019512 0.065270 -0.007047 -0.095268
芡实 0.031407 -0.022050 -0.083129 0.019297 -0.015259 0.061098 -0.031420 -0.052175 -0.015234 0.072224
芦根 -0.013174 -0.019295 -0.018926 0.003816 0.057412 -0.011998 0.004428 -0.021737 -0.046863 0.037204
苏叶 0.078345 -0.044920 0.035404 -0.012924 0.018598 0.001984 0.001076 0.011484 0.000941 -0.072871
苦参 0.013755 0.045668 0.007559 -0.027566 0.024255 -0.078880 0.065825 -0.000183 0.062141 -0.053389
茯神 -0.057147 -0.061621 0.026667 0.055349 -0.036106 -0.081567 0.092553 -0.009382 0.008564 0.057092
荆芥穗 -0.038764 -0.037842 -0.043966 0.050262 0.045308 -0.026830 0.071990 -0.021227 -0.012530 -0.028620
草果仁 -0.037549 -0.089064 0.036729 -0.041204 0.005733 0.027362 -0.018707 0.071792 0.022261 0.022007
莱菔子 -0.074258 0.025469 0.060687 -0.061339 0.037028 -0.061880 -0.051903 0.015848 -0.031545 0.019251
菖蒲 0.057985 -0.053642 0.017145 0.001227 -0.066840 -0.072464 0.008175 -0.010242 -0.014983 -0.081152
菟丝子 0.048820 -0.035600 -0.005452 0.064599 0.037144 -0.067143 -0.027324 0.009758 -0.071098 0.007220
蒲黄 0.081284 -0.046739 0.001708 0.000203 0.023787 -0.037259 0.013704 -0.064806 -0.033992 0.036724
薏苡仁 0.046047 0.016729 -0.059264 -0.144206 0.027974 0.012204 0.031307 0.101421 0.063623 -0.062570
藿香 -0.081685 -0.007703 0.039233 -0.034739 -0.033013 0.052074 0.015434 -0.003423 -0.076271 0.022633
西瓜翠衣 -0.082245 0.030465 -0.024465 -0.000588 -0.038754 -0.105847 0.084020 0.071505 0.018560 0.015175
诃子 0.073820 0.027351 0.005134 -0.043585 0.036226 0.031720 0.038033 -0.015489 -0.052185 -0.025786
赤芍 -0.001835 -0.047644 0.033692 -0.069640 0.120477 0.027150 -0.038173 0.021739 0.096700 -0.015367
金银花 -0.061874 -0.013555 -0.014970 -0.063411 -0.034135 0.063154 -0.009865 -0.017852 -0.043965 -0.070540
陈橘皮 -0.047505 0.007269 -0.059409 0.003140 -0.064307 -0.004094 -0.042873 0.007132 0.048950 0.051565
雄黄 -0.028446 0.087408 -0.024015 0.016263 -0.074866 -0.048296 0.085742 0.014147 -0.072112 -0.061045
青皮 0.027611 -0.004284 -0.053957 -0.054086 -0.016960 -0.074413 0.027481 0.043838 -0.061873 0.098518
青蒿 -0.035207 -0.022133 0.050581 0.052781 0.050324 -0.044242 0.059925 0.009165 -0.085578 -0.081727
青黛 0.013910 -0.052505 -0.007383 -0.019614 -0.072709 0.018116 0.014211 -0.027939 -0.004819 0.029546
飞滑石 0.055734 -0.078925 0.060081 -0.029593 0.053600 -0.044307 0.016325 0.061101 -0.009169 0.000346
香豉 0.041743 -0.031585 -0.038666 -0.005602 0.003643 0.031313 0.041718 0.030330 -0.007186 0.045503
麦芽 -0.022017 -0.077655 0.034866 -0.037525 0.055866 -0.016302 0.038495 0.017468 -0.056025 -0.040905
麻仁 0.023558 -0.084726 -0.023764 -0.090113 -0.009377 -0.034856 -0.051595 -0.013245 0.019440 -0.005523
龟版 -0.051014 -0.014133 0.029689 -0.021161 0.032470 0.067970 0.003331 -0.023780 0.048861 0.000057
䗪虫 0.044251 -0.020482 0.060289 0.006027 0.006817 0.023066 -0.010104 -0.029898 -0.039457 -0.013193
东白薇 0.003973 0.041780 0.047440 -0.022373 -0.007804 -0.005942 0.013335 -0.030034 0.034484 0.066569
丝瓜皮 0.051722 0.054306 0.067993 0.030713 -0.065765 0.029826 0.067857 -0.064873 -0.051986 0.007367
乌扇 -0.013981 -0.069067 0.002530 -0.094133 0.024179 0.051308 -0.029409 -0.000011 -0.077956 0.057920
五倍子 -0.034009 -0.019271 0.013402 -0.037142 -0.020150 -0.032746 0.017950 0.048195 0.016959 -0.016034
五灵脂 -0.018357 -0.003877 0.019026 -0.080784 0.058277 -0.052061 -0.038778 -0.036292 -0.034429 -0.045252
京贝母 0.076822 -0.019814 0.027607 0.031133 0.057449 0.009827 0.068000 0.038444 0.033708 -0.037807
仙半夏 -0.053509 -0.045242 -0.022662 0.015322 0.074890 0.000286 -0.042403 -0.057035 0.000679 0.036351
代赭石 -0.079381 0.035830 -0.014063 -0.038635 0.009206 0.058772 -0.054427 0.066199 -0.044880 0.008424
侧柏叶 0.065914 0.042206 -0.001309 0.070242 0.007712 0.039517 -0.000009 -0.037245 -0.046571 -0.028326
元参 0.041793 -0.007305 -0.023207 0.065138 0.032231 0.001605 0.060274 -0.038045 0.026276 0.080308
冬瓜仁 0.012639 -0.054105 -0.010287 0.065903 -0.023651 0.043927 -0.079873 -0.019490 -0.024795 -0.008539
冰糖 -0.025204 -0.044869 0.033831 0.007816 -0.033366 -0.003066 -0.037184 -0.064552 0.007144 0.006697
制厚朴 -0.028115 -0.027475 0.054246 0.082305 0.025482 0.012470 0.006837 -0.002212 -0.004651 -0.078729
制附子 -0.026666 0.000780 0.020676 0.014178 0.018672 0.015831 -0.023262 0.003556 0.013472 0.052278
北沙参 -0.039337 0.061472 -0.067194 -0.066380 -0.069037 -0.048805 -0.037684 -0.066255 -0.020370 0.041048
半夏制 0.031068 0.011186 0.023416 -0.071995 0.018995 -0.068844 0.038318 -0.056910 -0.021007 0.002259
南星 -0.003950 -0.089230 0.056920 -0.003173 0.001092 -0.039165 -0.090152 -0.039408 0.016202 -0.046382
双钩藤 0.042659 -0.009610 -0.034524 0.002386 -0.046989 0.001277 -0.022663 -0.011518 0.006458 0.004988
吴白芷 -0.069079 -0.041110 0.007141 -0.053003 -0.018726 0.038852 -0.034693 -0.005242 -0.025646 0.049018
夜交藤 0.031247 -0.059665 -0.007073 -0.022791 -0.064250 0.075685 0.007076 -0.010533 -0.011321 0.058167
大戟 0.060663 0.042263 0.056425 -0.038490 -0.078507 0.031022 -0.029466 -0.066228 0.020437 0.006692
大生地 0.027454 -0.025503 -0.026699 -0.043660 0.014888 -0.031969 0.056127 0.069088 0.056486 -0.011086
大腹子 -0.052851 -0.024374 -0.035155 -0.098378 -0.004568 0.039126 0.015596 0.071435 0.035372 -0.018904
大蓟 -0.018122 0.054428 0.014448 0.023225 -0.100895 -0.034721 0.048500 0.011890 0.038141 0.072009
天冬 -0.008590 0.031366 0.014008 -0.064109 -0.003832 -0.029222 0.032191 -0.022623 -0.031044 -0.033639
天花粉 0.006838 -0.004431 -0.031430 -0.075348 0.017839 -0.006491 0.008837 0.083150 0.001077 0.010412
天门冬 -0.001007 -0.088671 0.027997 -0.060687 -0.009713 -0.096614 -0.006669 -0.031161 -0.084468 0.013333
姜汁 0.037458 0.058065 -0.023299 0.006755 0.085005 -0.042155 -0.024840 -0.044094 0.000524 0.003170
射干 0.065423 -0.053432 0.040405 -0.023341 -0.041329 -0.003714 -0.036160 -0.076329 -0.092678 -0.019275
小麦 0.027230 -0.067967 0.041537 -0.044006 -0.074684 -0.016288 -0.034447 0.030136 -0.029390 0.001965
山栀子仁 0.033016 0.008731 0.064179 -0.023048 0.088930 0.017270 -0.013394 -0.024302 -0.057378 -0.055219
山药炒 -0.036845 0.005615 -0.030692 0.066530 -0.029801 -0.000698 0.095935 0.052254 0.092534 0.018534
山萸肉 0.010271 0.058607 0.022211 -0.005107 0.038462 0.044841 -0.038729 -0.059369 0.040284 0.022262
川当归 0.000247 -0.008896 0.020349 0.014535 0.070617 0.002004 0.064963 -0.077946 0.032007 0.022994
川独活 -0.015544 0.002794 0.020154 -0.098831 -0.019157 -0.043000 0.024407 -0.006228 -0.026848 0.009002
川羌活 0.004471 -0.013252 0.003482 0.011956 -0.017363 0.005144 -0.018602 -0.001377 -0.029896 0.101335
川萆薢 -0.014184 -0.001305 -0.047454 -0.006197 -0.046076 -0.020305 0.026634 -0.017625 0.021976 0.026731
川连 -0.060882 0.045149 -0.022591 0.027007 0.031126 0.073181 -0.016668 -0.054857 0.029964 -0.045821
巴戟天 0.001319 0.000840 0.019061 0.040686 -0.031317 -0.078942 0.005136 -0.051717 0.002653 0.007002
巴豆 -0.072543 -0.027014 0.003553 0.025188 -0.006124 -0.011703 0.052164 -0.085406 0.069318 -0.017839
干山药 0.047621 0.006060 0.011107 0.007415 -0.004683 -0.061655 -0.069078 0.059998 -0.015367 -0.039813
当归梢 0.013444 0.004503 0.021329 0.010632 0.008522 -0.036323 0.021231 0.089578 0.029019 0.077784
当归身 0.009252 -0.016172 -0.059847 0.000722 -0.065417 -0.031481 0.074625 0.029938 0.040529 0.007559
怀牛膝 0.038919 0.035235 0.021823 -0.030971 -0.025244 -0.028782 -0.023175 0.022155 0.024811 -0.016962
旋覆花 0.040356 -0.003520 -0.086479 0.017458 0.011672 0.083821 0.013903 0.070706 -0.074732 0.024741
明天麻 -0.042608 0.018995 -0.006556 0.044764 0.019983 -0.005596 -0.028999 0.037335 0.043647 -0.070360
木瓜 -0.037243 0.000938 0.014765 -0.060666 0.078389 -0.061896 -0.053542 0.051152 -0.044767 -0.004601
朱茯神 -0.032781 0.002173 0.051870 -0.063813 -0.073177 0.050164 -0.024120 -0.033330 -0.013187 0.057944
朴硝 0.082129 -0.012493 0.005047 -0.006629 -0.020387 0.032717 0.043340 0.002960 -0.014497 -0.003756
板蓝根 -0.007617 -0.087210 0.062175 0.014785 -0.010905 0.012963 0.113225 0.009829 -0.022611 -0.033232
枇杷叶 -0.071783 -0.006287 0.034295 -0.057409 -0.008145 -0.013046 -0.021509 0.047401 0.015097 -0.049808
柏叶 0.022036 0.024632 -0.006878 -0.039166 -0.031144 -0.005286 -0.063981 -0.043589 -0.002921 0.040982
柏子仁 -0.050860 -0.035418 0.078857 -0.036938 -0.013671 -0.054168 -0.022361 0.051450 -0.041174 0.006045
栀皮 -0.004679 -0.037892 0.011336 0.007684 0.018534 0.053111 0.016884 -0.052159 -0.038366 -0.061290
桑螵蛸 0.065985 -0.018609 0.060526 -0.064327 0.037698 -0.010034 0.065689 0.084500 -0.001493 0.009843
梨皮 -0.030481 0.002656 -0.058383 0.038267 -0.030525 0.078811 0.004213 -0.051912 0.007112 -0.005718
棕榈皮 0.020295 0.002464 0.027938 -0.034832 0.025358 -0.006514 0.030217 0.054232 -0.011249 -0.034850
棕边炭 -0.083657 0.026770 -0.010139 -0.079935 0.065097 -0.035955 0.039732 0.097625 0.025204 0.022410
椿树根皮 0.059100 0.041869 0.044091 0.038430 -0.037674 -0.093044 -0.049122 0.056244 0.031183 0.070348
槁本 -0.025904 -0.076861 -0.017402 0.059117 0.047653 0.022495 -0.038355 -0.078149 0.076215 0.003339
槐花 -0.036170 0.031212 0.026365 0.024585 -0.025907 0.014532 -0.056300 -0.019113 0.006184 -0.086404
沙苑蒺藜 -0.040596 0.040068 -0.024445 -0.025896 -0.024105 -0.063332 0.006694 -0.056040 -0.014469 0.089469
法制半夏 0.064628 0.062994 0.037619 -0.025615 0.015292 -0.035675 -0.040754 0.007881 0.016750 0.022352
海粉 -0.057124 -0.048628 0.004324 -0.042572 0.000246 -0.010481 -0.038693 0.011153 0.016437 0.022638
海螵蛸 -0.010212 0.012462 0.032941 0.019413 0.017009 -0.017657 0.015540 0.013808 0.060548 -0.019418
淡竹叶 -0.008620 -0.049914 -0.030703 0.037738 0.031477 -0.054391 -0.032243 0.060909 0.004990 0.006916
淡黄芩 0.004385 0.051967 0.003211 -0.010458 -0.079810 0.016348 0.003679 0.062028 0.076642 0.007149
滁菊花 0.010006 -0.070799 -0.054213 0.080410 0.037733 -0.042728 0.032401 0.028852 0.011479 -0.074780
灶心黄土 -0.029258 0.072634 0.025949 0.005162 -0.071052 -0.036596 -0.075352 0.037823 -0.027845 0.020848
炙厚朴 0.069615 0.008061 -0.011728 -0.010837 -0.094210 -0.069164 -0.048711 0.017476 0.067844 0.066597
炮天南星 0.027980 0.044820 -0.006500 -0.015191 -0.010835 0.016756 -0.016894 0.011574 -0.000248 0.053741
炮姜炭 0.006947 -0.023581 0.010457 -0.018172 -0.006311 0.019432 -0.053568 0.016630 0.003173 0.013443
炮川乌 -0.004004 0.007357 0.033102 0.026419 -0.034599 -0.050392 -0.001632 0.026017 -0.004071 0.026041
炮草乌 0.082650 0.003215 -0.025654 0.005894 -0.018086 -0.023492 0.003704 -0.065579 0.056755 0.017702
焦栀 -0.031993 -0.012584 0.005172 -0.016949 0.043495 -0.079300 -0.011632 -0.044647 -0.055779 -0.005944
熟附子 0.094228 0.001870 -0.050508 0.034724 -0.095057 -0.036554 0.029292 0.037971 0.048585 0.014464
牡蛎米 0.022539 0.006456 0.027216 0.000636 0.007452 -0.041016 -0.043675 0.029462 -0.028592 0.022806
玄胡 -0.022091 0.007703 -0.036957 0.003457 -0.004439 0.021232 0.053699 -0.023221 -0.011554 0.039979
珍珠 0.027570 -0.035913 0.079519 0.002341 0.008513 0.031369 0.043289 0.012239 -0.029715 0.065750
瓜瓣 -0.015250 -0.031848 0.038081 0.035266 0.030593 -0.028144 0.015901 0.049291 -0.005981 -0.010740
瓜蒂 0.056446 -0.005407 -0.048393 -0.022438 -0.051622 0.028332 0.066038 -0.011619 0.011947 -0.008878
瓜蒌根 -0.004293 -0.002164 -0.032175 0.016097 0.038774 -0.012819 0.090224 0.015278 0.009470 -0.037222
瓜蒌 -0.051269 0.007115 -0.001304 0.014489 0.029109 0.035007 0.014971 0.015876 -0.000019 -0.025711
甘草梢 -0.051618 0.041584 0.055646 -0.023022 0.007568 0.037573 0.089117 -0.006239 0.004005 -0.005613
甘草爁 -0.038958 0.006861 -0.062697 -0.052249 -0.006961 0.020417 0.076227 -0.038471 -0.007525 0.008855
生决明 -0.031754 0.024768 0.101538 0.024111 -0.058992 -0.007864 0.030425 0.016573 0.015788 -0.024826
生姜皮 0.065523 0.054169 -0.031220 -0.000062 0.046548 -0.028593 0.015528 0.029426 0.056899 -0.016206
生杭芍 -0.016819 -0.068439 0.036030 -0.007730 0.007080 -0.007022 0.006851 0.013129 -0.031099 -0.017488
生枳壳 -0.029322 0.009005 -0.008554 -0.057040 -0.064776 -0.013392 -0.001542 0.012735 0.038434 -0.070333
生玳瑁 -0.003091 0.048604 -0.010738 -0.038152 -0.063242 0.028411 -0.060973 -0.077665 -0.030096 0.019097
生薏苡仁 0.019687 0.016495 0.054655 0.027849 -0.004428 -0.015312 -0.004692 -0.034329 -0.080506 0.054860
生赭石 -0.002499 0.029707 0.008098 -0.029190 -0.006283 -0.011656 0.012554 -0.063783 -0.037328 0.015048
生麦芽 0.030714 -0.014506 0.004952 -0.064350 0.028044 -0.057438 0.054564 0.047976 0.015790 0.059775
生黄芪 0.080146 -0.021043 0.036686 0.054210 -0.023787 0.010163 0.057015 0.015845 -0.021437 -0.055894
生龙骨 -0.004288 0.032175 0.030971 0.073280 0.037513 -0.056366 -0.057399 0.053745 0.005092 -0.018687
白僵蚕 -0.005115 -0.060088 -0.041337 0.024956 -0.023491 -0.015257 0.025082 0.031025 0.019343 0.089709
白前 -0.050308 0.036125 -0.005186 0.057762 -0.002693 0.006547 -0.029182 -0.053743 0.058363 -0.042093
白头翁 -0.019258 0.036034 -0.000106 0.033635 -0.030227 -0.049291 0.029805 0.043697 -0.008877 0.026312
白术炒 0.054126 -0.043940 -0.028818 0.031135 -0.001248 0.001714 -0.038735 -0.016587 -0.001836 0.036944
白檀香 -0.015170 -0.019527 -0.007457 0.002572 -0.047031 -0.074974 0.057768 0.005714 -0.012442 -0.042929
白芍炒 -0.006810 -0.029298 0.004331 0.059447 0.002884 -0.054704 0.038989 0.017665 -0.071323 0.002431
白豆蔻仁 -0.018921 -0.079189 -0.052699 -0.071146 -0.006970 0.036816 -0.007685 0.045365 0.022519 -0.014267
白通草 0.024764 0.043567 0.059529 -0.057448 0.030379 0.036548 -0.044557 0.056802 -0.031912 0.039335
百合 0.090875 -0.013004 0.023857 -0.105662 0.047295 -0.076485 -0.017613 -0.052913 0.017329 -0.042135
百部 -0.042797 0.027573 0.072532 -0.032307 0.017547 -0.025518 0.030662 -0.013623 -0.007963 0.050363
皂角刺 0.007307 0.000251 0.039433 -0.068089 0.048024 0.005875 0.046156 0.006733 0.007015 0.012034
益智 0.018347 0.038270 0.020483 0.052559 -0.010156 -0.040708 0.064109 -0.070019 0.034995 -0.066950
益母草 0.006920 0.030201 -0.064139 0.082814 -0.050888 -0.071102 -0.027963 -0.016729 -0.043729 0.002858
真阿胶 -0.086737 -0.037629 0.029808 -0.017988 0.013748 0.006028 0.053488 0.035562 0.009139 0.052745
石韦 0.029526 -0.018396 -0.082261 -0.027355 -0.036824 -0.014521 -0.070185 -0.002627 0.043069 0.039160
砂仁 -0.005702 -0.006247 0.065024 -0.095379 0.003974 0.038798 0.035446 0.091460 -0.069663 0.031918
碧玉散 0.060427 -0.057378 0.049841 -0.059037 -0.019810 -0.040619 -0.007942 0.028873 0.016522 -0.011067
磁石 -0.044615 -0.019335 0.079662 0.014718 -0.002041 -0.032597 -0.030644 0.025921 0.092185 -0.041131
礞石 0.042770 0.004098 0.007100 -0.006230 0.004231 -0.017176 0.010351 -0.072304 0.010710 -0.029032
秦皮 0.053340 0.037726 0.042971 -0.003025 0.009150 -0.033288 0.004047 0.000565 0.076035 0.059469
竹叶心 0.059477 -0.011774 0.083342 0.021626 -0.027226 0.000131 0.013560 0.032780 -0.067335 0.062826
紫苏 -0.044125 0.017740 0.053163 0.015043 -0.057180 -0.049966 0.051131 0.023543 0.028480 -0.012060
紫菀 -0.016586 -0.003147 -0.023108 -0.082698 0.009836 -0.051774 -0.053126 -0.025322 -0.050572 0.089769
紫葳 0.038343 -0.022808 -0.076155 0.000300 -0.012092 0.060197 -0.047259 0.060628 0.010536 0.014550
绵茵陈 -0.058435 0.041478 -0.092694 0.014617 -0.039529 0.035054 -0.037049 0.085422 0.001552 0.044469
羚羊角 0.054495 0.003092 0.051885 0.017302 0.016615 0.008694 -0.055890 0.092718 -0.034543 -0.027533
羚角片 -0.006465 0.002781 -0.022781 -0.044070 -0.033450 -0.000294 -0.047431 -0.041582 -0.045400 -0.000214
肉桂心 -0.013176 -0.004059 -0.041947 -0.011540 0.069767 -0.088817 0.018860 0.008788 -0.011770 0.040448
胡麻仁 -0.079690 0.051420 0.017648 -0.067620 -0.078087 -0.000268 0.034057 0.003201 -0.016339 0.016269
胡麻 0.039746 -0.029345 0.065595 0.013742 -0.071159 -0.101406 0.032407 0.005177 0.036843 -0.021333
胡黄连 -0.011034 -0.018045 -0.040338 -0.023001 0.091902 -0.043730 -0.006964 0.031534 0.075784 -0.078638
胶饴 -0.027707 -0.036284 -0.022442 -0.035438 -0.025481 -0.028690 0.056639 -0.017573 -0.019546 -0.007420
芫花 -0.056905 0.019454 -0.052004 -0.022417 0.022991 0.052167 0.002503 -0.006934 -0.040309 -0.017593
花粉 0.027096 -0.014373 0.042766 -0.008483 -0.021593 -0.043138 -0.058078 -0.003082 0.015864 0.037444
苇茎 0.001764 0.006725 0.005422 0.061235 -0.052868 -0.006588 -0.052043 0.042490 0.033960 -0.013586
苏合香 0.086629 -0.035612 -0.021958 0.028612 -0.015698 -0.017930 -0.002626 0.063746 -0.054456 0.025994
苏子 -0.011031 0.012257 0.016722 0.036879 0.072186 0.005691 -0.021473 -0.001472 0.057086 0.052533
苏薄荷 -0.035547 0.021500 -0.039301 -0.038471 0.079025 -0.004971 0.103291 -0.036088 -0.038982 0.076499
茅根 0.052495 0.008573 0.012610 0.016640 -0.002926 -0.030352 -0.042430 0.017043 0.012034 0.054657
茜根 0.036206 -0.020466 0.013297 -0.051066 -0.053325 -0.094875 -0.006653 0.003387 0.012940 0.078738
茜草 -0.040862 0.037498 -0.005215 -0.043895 0.030158 0.046880 0.037763 0.018831 0.001897 0.084936
茯神木 0.003450 -0.004422 -0.001851 -0.017716 -0.034036 0.030009 -0.013642 0.018263 0.073402 0.008250
茯苓皮 -0.016662 -0.040419 -0.054984 -0.002941 -0.030202 -0.068194 -0.096144 0.039793 0.041477 -0.012532
草豆蔻 0.042863 -0.039584 0.003949 -0.000312 -0.008541 -0.005505 -0.013868 -0.021415 0.006043 -0.012574
荜茇 0.014987 0.068399 0.021212 -0.032231 -0.053826 -0.069913 -0.085561 -0.040542 0.017058 0.003787
荷叶 -0.037816 0.009564 0.008067 0.004186 -0.010798 -0.034083 -0.041300 -0.026802 0.015158 0.007453
荷梗 -0.089027 0.008260 0.035046 0.008238 -0.000520 0.003898 0.036794 0.002854 -0.024798 -0.053859
莲子肉 0.002133 -0.007064 -0.000176 -0.125067 0.033907 -0.019268 0.072397 0.056926 0.042326 -0.078944
莲须 0.036001 0.020349 0.006398 0.080741 -0.020763 -0.016907 -0.007505 -0.016796 0.016562 0.006203
菊花 -0.046677 0.018601 -0.018966 -0.071838 0.048702 -0.029673 0.026773 0.008524 0.046443 0.020768
萹蓄 0.035877 0.037129 0.001028 -0.088645 -0.016645 -0.097306 0.041514 0.015688 0.020350 -0.016081
葛花 0.011387 -0.056436 -0.005981 -0.126088 -0.039395 0.091524 0.025418 0.078994 -0.016288 -0.013821
葱白 0.073139 0.028436 -0.080880 -0.078636 -0.051935 -0.007217 -0.010518 0.075482 0.081061 0.016484
葶苈 -0.046527 0.052080 -0.027279 -0.031865 -0.030556 -0.014938 -0.022477 0.046202 0.026869 0.003323
蔓荆子 0.021714 0.008671 -0.021725 0.022929 -0.068860 -0.051326 -0.009929 0.002523 0.021413 -0.053172
薄荷叶 -0.058385 -0.006392 0.074974 0.020878 -0.021253 0.020382 0.013247 0.001492 0.029226 0.060359
薤白 -0.095147 -0.080939 0.017451 -0.002134 -0.000706 -0.012407 0.013195 -0.002767 0.015396 -0.059791
藕节 0.007197 -0.062003 0.029608 0.026970 -0.039531 -0.098060 -0.025271 0.004704 0.056451 0.011128
蜀椒 0.018056 0.018267 -0.049532 0.034359 -0.071676 -0.049537 -0.024764 0.096711 -0.004873 -0.021780
蜂窠 0.002239 -0.043297 0.022611 -0.027115 -0.010438 -0.080935 0.010555 0.034442 0.005998 0.011922
蜣螂 0.031334 0.050316 0.028568 0.077973 0.007745 0.026252 0.031858 0.112954 0.008828 0.046321
蝉蜕 -0.007646 -0.017598 -0.055909 0.030385 -0.042049 0.004226 -0.049425 0.031954 0.032533 0.036529
补骨脂 -0.072055 -0.091508 0.080425 -0.071929 0.046767 -0.014484 0.052600 0.046826 0.065344 -0.023330
西洋参 -0.018000 0.049392 -0.026313 -0.026267 -0.013857 0.059337 -0.073136 0.050263 -0.029272 0.009660
诃子皮 0.000735 -0.047359 -0.022073 0.026587 -0.043281 -0.015884 -0.051220 -0.013156 0.074564 -0.025310
象贝 0.046414 0.011896 0.048933 0.023478 -0.046012 -0.009352 -0.001801 0.034912 -0.040411 -0.033259
赤小豆 0.029031 0.063837 -0.031945 -0.013130 0.074605 -0.004419 0.058960 -0.032554 0.014938 -0.029977
赤硝 -0.024552 -0.011923 -0.005110 -0.044003 -0.027152 0.041341 -0.026345 0.057579 -0.009401 0.021553
赤芍药 0.036384 0.036375 0.018772 0.003010 0.035777 0.024157 0.005316 0.013762 0.046829 0.024877
赤茯苓 -0.006795 0.003505 -0.083359 -0.012118 -0.024955 -0.021655 0.026524 0.033481 -0.014315 0.010525
辰砂 -0.046800 0.090099 -0.002939 -0.019425 -0.051357 0.044921 -0.022513 -0.056787 -0.026887 0.041976
通草 -0.010496 -0.054720 0.084389 -0.067165 0.021472 -0.044193 -0.038419 -0.070170 0.008310 -0.022970
郁金 0.033054 -0.040958 -0.006417 -0.091859 -0.014925 0.033692 0.010462 -0.027588 -0.045624 -0.035414
金铃子 0.042202 0.061260 -0.000484 -0.031072 -0.050032 -0.058699 0.049714 -0.026294 0.010695 0.039481
钩藤 -0.021640 0.063802 0.064702 -0.036300 -0.053791 -0.015360 -0.009966 0.012629 0.048302 -0.007224
银柴胡 0.027740 0.014346 0.042418 -0.066709 0.037720 -0.077107 0.017138 0.084100 0.005268 -0.046872
银花 -0.026164 0.018393 -0.025050 0.027231 -0.031981 -0.044172 0.030376 0.002241 -0.023697 -0.074356
防已 -0.078349 -0.004111 0.027319 -0.013771 0.076297 0.027579 -0.032889 -0.017777 0.010001 0.080674
陈广皮 0.064243 0.022823 0.102410 -0.045002 0.036450 0.056766 0.084621 0.009856 0.009291 -0.047534
霜桑叶 -0.012934 -0.021338 0.080984 0.026169 0.017390 -0.003127 0.007563 -0.050600 -0.032528 0.038086
青子芩 -0.003943 0.056209 -0.005064 0.012366 0.000241 -0.044638 0.056618 -0.005765 -0.058752 -0.001001
青蒿脑 0.014139 0.092189 -0.059164 0.078632 0.075920 -0.081411 -0.000598 0.013805 0.050743 -0.016864
风化朴硝 0.030740 -0.000658 0.012282 -0.080589 0.011646 0.059175 -0.011308 0.049376 0.003883 0.000485
香白芷 -0.001721 -0.060594 -0.000123 -0.043101 0.085436 -0.007185 0.012567 0.092782 -0.002171 -0.078566
香薷 -0.070004 -0.079968 0.011177 -0.031483 -0.001316 -0.083372 0.021016 0.065833 0.013349 -0.055123
香附子 0.019389 -0.024332 -0.022619 -0.040323 0.069236 0.010684 0.010866 -0.023882 -0.070528 -0.095912
马勃 0.028021 -0.052013 -0.030122 -0.009570 -0.013693 0.012845 0.026851 0.008780 -0.007743 0.039233
高良姜 -0.012638 -0.008530 0.003264 0.008309 0.011505 0.078033 -0.068070 -0.039367 0.034431 0.063762
鲜扁豆花 0.002972 -0.062013 -0.024634 -0.069694 0.042579 0.036493 -0.032188 0.043721 -0.060702 -0.005770
鲜生地 0.008096 -0.009198 0.083055 0.018892 -0.009517 -0.011850 -0.000661 0.022036 -0.002951 -0.016099
鲜竹叶心 0.005428 -0.015174 -0.080224 -0.022607 0.022008 -0.017018 0.021369 -0.031579 0.006645 0.036113
鲜荷叶边 -0.002454 0.071686 0.047987 -0.042591 -0.072609 -0.013344 -0.018323 0.022674 0.005496 -0.024566
鲜银花 -0.015260 0.008060 0.013766 0.068086 -0.014916 0.020297 -0.037530 0.078185 0.037678 -0.032419
鸡子黄 -0.053145 -0.044421 -0.020400 0.044107 -0.019618 -0.040275 -0.034830 0.012902 -0.053164 0.043628
鹿角 0.001010 0.001429 0.015097 -0.022265 0.000096 0.029991 0.002422 -0.023543 0.044867 -0.017154
麻子仁 0.040781 0.049320 -0.037305 0.076918 0.001836 0.047477 0.000529 0.070607 0.010778 0.059594
麻黄根 -0.002290 0.011677 0.001705 -0.046353 0.066716 0.016060 0.017116 0.016875 -0.004195 0.018548
黑芥穗 0.006895 0.012500 -0.088763 -0.077519 0.022889 -0.019447 0.097744 0.097419 -0.054093 0.023069
鼠妇 0.014188 -0.022170 -0.064764 -0.071453 -0.006031 -0.004654 -0.046897 -0.051746 0.013018 -0.045598
龙眼肉 0.021079 -0.010370 0.029228 0.011177 0.022613 0.013009 0.061631 -0.038069 0.055793 -0.054943
龙胆草 0.072304 -0.015195 -0.037837 -0.078582 -0.039702 0.025294 -0.023944 -0.029511 -0.048012 0.075147
龟板 -0.034594 -0.081032 0.042073 -0.039312 -0.039785 0.003182 -0.008815 0.016264 -0.040614 0.011420
龟版胶 0.080355 0.046491 -0.057987 0.014134 0.091314 -0.017296 -0.033736 -0.074635 0.029478 0.024722
龟甲 0.079979 -0.029742 -0.041651 0.023682 0.048051 0.043865 -0.025602 0.028165 -0.004919 0.049374
<unk> 0.002020 -0.001118 0.001798 -0.015836 -0.002120 -0.011553 -0.000018 0.013349 0.004806 0.003752
